upstream 0 0.000721082240593434 0.00155841031525095 4.69626870385854e-05 0.000102411375440848
upstream 1 0.00075649509561878 0.00171406480416341 4.19060903551496e-05 9.58768085829063e-05
upstream 2 0.000624750304436825 0.00141499845115594 4.25264067128269e-05 9.70966114418697e-05
upstream 3 0.000606306531022109 0.00136890932131894 3.30018764480901e-05 7.50964403382584e-05
upstream 4 0.000493486325458978 0.00100358068817141 3.66491029884579e-05 7.49709394945299e-05
upstream 5 0.000643557778150347 0.00121658413677521 4.17333761310143e-05 7.94770476052176e-05
upstream 6 0.000722531350438704 0.00127058074675939 4.2542492715895e-05 7.5400685833127e-05
upstream 7 0.00085261854096215 0.00137831111901982 5.42140859733392e-05 8.84196138042703e-05
upstream 8 0.000934478833613978 0.00150801229554593 5.87960792586257e-05 9.57897795463762e-05
upstream 9 0.000877310081630272 0.00153688203361919 5.79964819281176e-05 0.000102567115714948
upstream 10 0.000860207071840101 0.00160528508752857 4.62618419637213e-05 8.71787968203164e-05
upstream 11 0.00105462047808312 0.00192212536427239 4.67853278136204e-05 8.62795276235867e-05
upstream 12 0.00101963636176107 0.00175876706197716 6.23245588449305e-05 0.000108681591042969
upstream 13 0.00104784985944436 0.00179975883752568 7.10525378648398e-05 0.000123432647898954
upstream 14 0.00117012583124994 0.00196211279727224 8.51467256087391e-05 0.000144539717900619
upstream 15 0.00107775084369072 0.00182413265995801 7.00911990181172e-05 0.000120007929822204
upstream 16 0.000941139730877996 0.00162205111928871 7.34720850453032e-05 0.000127893407921394
upstream 17 0.000916489600419306 0.00167993089826306 5.47798178957979e-05 0.000101459228008526
upstream 18 0.0008987739582046 0.00159501799573583 6.06951184868103e-05 0.000108784604638922
upstream 19 0.000861834143014633 0.00150442728204851 6.00400581946686e-05 0.000105808830279044
upstream 20 0.0009362624506442 0.00159530066336475 5.39723864357598e-05 9.28830232004854e-05
upstream 21 0.00100590117130788 0.00180652897216511 4.70876933829598e-05 8.55062957809205e-05
upstream 22 0.000978991664378969 0.00174067616441597 5.80134131758586e-05 0.00010426816426796
upstream 23 0.00115210027786801 0.0021087834202328 5.61012963096816e-05 0.000104027093771235
upstream 24 0.00105793103026331 0.00211922986262117 6.02717185087247e-05 0.000122255933215987
upstream 25 0.00112222606820341 0.00226337662448696 6.83809027882468e-05 0.000139771017694987
upstream 26 0.00109413662448629 0.00198208309605232 5.62130781032263e-05 0.000103069462705582
upstream 27 0.00115406036669951 0.00212433523587179 6.14266414398264e-05 0.000114524078972923
upstream 28 0.00102100948662566 0.00187944875664757 6.52948189066016e-05 0.000121559036961293
upstream 29 0.00110807974181785 0.0018743338077594 7.87469480131805e-05 0.000134788173407859
upstream 30 0.00104782108722369 0.00178797216203895 8.20790999986754e-05 0.000141626499235758
upstream 31 0.000984871564331225 0.00177000114267311 7.03777419149882e-05 0.000127850007457466
upstream 32 0.000907836883842927 0.00156558837359184 6.55424337018771e-05 0.000114145473088086
upstream 33 0.000891326942976365 0.00146411200324734 6.71469217359966e-05 0.000111328430323614
upstream 34 0.000823926349442258 0.00138899615640935 6.5404382867489e-05 0.000111238618144263
upstream 35 0.000910642989427876 0.00158501047889415 7.584884945852e-05 0.000133328843971569
upstream 36 0.000956250006215122 0.00168244389916676 7.04698957910652e-05 0.000125281122197747
upstream 37 0.000886716394594536 0.00181658092322239 6.75141329759444e-05 0.000139796493853198
upstream 38 0.000914332877582399 0.0020612519123255 5.43979756575665e-05 0.000124068000053021
upstream 39 0.000894344162353383 0.00215687989008813 5.94035634783215e-05 0.000144960039280486
upstream 40 0.0008166711351573 0.0019457139637133 5.51920566988026e-05 0.00013291172752945
upstream 41 0.000859183619096914 0.00213351928493204 5.66348402635428e-05 0.000142296203593025
upstream 42 0.00103656084356414 0.00247465520850899 7.43776610571904e-05 0.000180041098464514
upstream 43 0.00110608175650477 0.00258874396611568 8.07484376786905e-05 0.00019170295436202
upstream 44 0.00112451096438764 0.00279382890688867 7.82696226347456e-05 0.000197450083398198
upstream 45 0.00105295337603973 0.00282124822590999 8.23799035946928e-05 0.000224113510078876
upstream 46 0.000828316906226127 0.00242962046093248 8.00323404061681e-05 0.000237817165752827
upstream 47 0.000810163265464074 0.00243496484976686 6.18686815054145e-05 0.000188325339234158
upstream 48 0.000829690791833367 0.00263139138642235 6.8706871722164e-05 0.000220872766122882
upstream 49 0.000773355125416315 0.00251136654778918 6.44400424870209e-05 0.000212015266821577
upstream 50 0.000680317994949346 0.00244390229737677 6.17352053473833e-05 0.00022451369230307
upstream 51 0.000670529073040073 0.00245956140292129 5.63141630818445e-05 0.000209099836739742
upstream 52 0.000625510465854151 0.00243403480035101 5.49625227958149e-05 0.000216479457655057
upstream 53 0.000451337275703506 0.0020185005581265 4.40616644537541e-05 0.000198978054146135
upstream 54 0.000469864346498827 0.00214320491175128 3.87577091023266e-05 0.000178631087195071
upstream 55 0.000531118988405511 0.00241032324813853 3.35191417044869e-05 0.000153866442908541
upstream 56 0.000577300615923976 0.00264065122147221 4.96139207738474e-05 0.000229796825744605
upstream 57 0.000530640040180874 0.002406866749544 4.33023954873191e-05 0.000198694839579481
upstream 58 0.00055671649989742 0.00265160197580486 4.2221867902348e-05 0.000203657074322574
upstream 59 0.000458807421113716 0.00244580993443852 4.4457080567204e-05 0.000239701250971436
upstream 60 0.000465878654755271 0.00274379674767229 5.59166544605764e-05 0.00033350778212861
upstream 61 0.000365236994197226 0.00244591562619251 4.85412358380599e-05 0.000328701369754247
upstream 62 0.00037998449631638 0.00295316672514978 4.59352056321353e-05 0.000361736428567783
upstream 63 0.000314595205611469 0.00240969233919606 4.19236249817828e-05 0.000324561509286639
upstream 64 0.000303034994662843 0.00247306747709284 4.01091313925148e-05 0.000330895749849402
upstream 65 0.000278532966818312 0.00251252985011318 3.79672478748449e-05 0.000346215436022189
upstream 66 0.00028697567993311 0.00261533763460399 3.71230364861899e-05 0.000342268249904029
upstream 67 0.000277508235053273 0.0027083135179451 3.67826154684258e-05 0.000363347273132427
upstream 68 0.000225522434043182 0.00247302788884961 3.48863236329989e-05 0.000386523998094995
upstream 69 0.000279727864108543 0.00301302180392928 3.44500907705608e-05 0.000375911976660855
upstream 70 0.000237091642129954 0.00256389086833456 3.03761044408335e-05 0.000332182432523713
upstream 71 0.000224522661208201 0.00269915290384913 2.67992464542847e-05 0.000325877734957543
upstream 72 0.000259011896171749 0.00310667873928778 2.23896856453959e-05 0.000272093155442563
upstream 73 0.00023841897995771 0.00288600857715774 2.00195652530049e-05 0.000245271133741395
upstream 74 0.000248845848634907 0.00312193059419433 2.30368689503864e-05 0.000292884908670255
upstream 75 0.000235605641482047 0.0033442598409342 2.11553976250001e-05 0.000304425496633981
upstream 76 0.000226503030558962 0.00340251966657671 2.05873831944889e-05 0.000313736462290169
upstream 77 0.000156362753447403 0.00259108766186293 1.80261213890622e-05 0.000301877734730554
upstream 78 0.000166796110427722 0.00347183708111022 1.78444717003152e-05 0.000376780896473618
upstream 79 0.000100181257025503 0.00264740309370525 1.94472455056969e-05 0.000519438061167955
upstream 80 9.24876519044215e-05 0.00224226290915902 1.92530094974644e-05 0.00047107527917223
upstream 81 0.000120222072191473 0.00351404614589057 1.56601691089164e-05 0.000464316471652857
upstream 82 0.000106406509463154 0.00343119423574191 1.92206463227044e-05 0.00062836684690023
upstream 83 0.00010264437420302 0.00352653281930478 1.7059550290566e-05 0.000594646457358117
upstream 84 0.000142760790858404 0.00504936455608376 1.60197029171459e-05 0.000578183567166398
upstream 85 0.000102904091515432 0.00635684897487693 1.22604208202509e-05 0.000776722744947903
upstream 86 0.000141681183470407 0.00829990812433947 1.51445253403135e-05 0.000916328972732571
upstream 87 0.000119952969741594 0.00760778762203582 1.30869124071421e-05 0.000857584703473101
upstream 88 7.75203305433085e-05 0.00582564207764309 9.12988135572714e-06 0.000700964270829975
upstream 89 5.95023033363412e-05 0.00387149766081936 8.69710950132465e-06 0.000575196036236226
upstream 90 8.20498484315462e-05 0.00357547879780448 1.12413822343881e-05 0.000495749404168345
upstream 91 3.92365486834282e-05 0.00185757524490978 9.85811504647253e-06 0.000469713845239943
upstream 92 5.12115702827798e-05 0.00190660146331653 1.14572838369308e-05 0.000429220950338441
upstream 93 4.05139307674204e-05 0.00138537349882668 9.39583087537006e-06 0.000323168454547481
upstream 94 2.51071332198453e-05 0.000887399480473832 9.69751159456697e-06 0.000344109457746711
upstream 95 7.28521182692764e-11 3.5933446362137e-09 2.87667749400352e-06 0.00014190054206052
upstream 96 1.79073779867686e-08 7.12112494434485e-07 5.37020530000988e-06 0.000213668458189582
upstream 97 9.16166454816905e-06 0.000465077534760476 1.08697620803264e-05 0.000553319232411897
upstream 98 1.58414722826499e-05 0.00249274008035201 1.86094523767576e-05 0.00297856077293058
upstream 99 9.36015446971143e-07 0.000644846056562031 1.12991247535453e-07 7.81410928076143e-05
upstream 100    
gene 0 8.88475541312849e-06 0.00241582019924233 1.44764687298483e-06 0.00039733406755092
gene 1 1.34179577318111e-05 0.00315070485083775 1.37055769544493e-06 0.000325846293169041
gene 2 1.58624327453243e-05 0.00264704707841588 1.41441041772629e-06 0.000238502035106447
gene 3 1.95066252999791e-05 0.00246905069836389 1.46643682862265e-06 0.000187413692794293
gene 4 2.52739233417208e-05 0.00244686823043884 1.78065094425695e-06 0.000174070260337984
gene 5 3.32646488941703e-05 0.00241117268553601 2.34945175200399e-06 0.000171944819900058
gene 6 3.85496791998064e-05 0.00206590262904801 2.93478329590849e-06 0.000158590298387669
gene 7 5.22961771851421e-05 0.00218591584293515 3.05716323337759e-06 0.000128925114304451
gene 8 7.43046342287436e-05 0.0023553120657628 3.89353100929273e-06 0.000124603557049763
gene 9 9.4606701468735e-05 0.00220496902682732 4.42948768847303e-06 0.000104183071345857
gene 10 0.0001273890220425 0.00231163118273287 5.89235584576805e-06 0.000107959820574619
gene 11 0.000168399917223344 0.00235690810997754 8.08411718032564e-06 0.000114274190285605
gene 12 0.000206371200810242 0.00231401909485105 1.09645677336768e-05 0.000124166795440417
gene 13 0.000227346915040192 0.00205595593002804 1.31774745483693e-05 0.00012025005596847
gene 14 0.000266807386131359 0.00201134757874303 1.53278741630102e-05 0.000116591202012304
gene 15 0.00027300214118062 0.00172631357026174 1.6212820656337e-05 0.000103332523940544
gene 16 0.000271908796764292 0.00150457663392851 1.55191464004489e-05 8.64795316571348e-05
gene 17 0.000314050321400382 0.00148242948479222 1.57028773258297e-05 7.46498087706713e-05
gene 18 0.0003642413873502 0.00152284235238449 1.86224613672436e-05 7.84440286613891e-05
gene 19 0.000400701586804854 0.00149363416544803 1.87121569051847e-05 7.02759748534253e-05
gene 20 0.00046287840039677 0.0015445262306292 2.0670437746493e-05 6.95234686131644e-05
gene 21 0.00052222454183822 0.0015574170841549 2.29374723317857e-05 6.89667298244008e-05
gene 22 0.000569561629763847 0.00153909543247678 2.49124060114346e-05 6.78810290506134e-05
gene 23 0.000614772928978667 0.00153009390169744 2.70630742348567e-05 6.79317792621175e-05
gene 24 0.000643598855917533 0.00145005627487393 2.99686587667784e-05 6.80827857200029e-05
gene 25 0.000687442114457032 0.00144877203213599 3.32665777514735e-05 7.07032495313571e-05
gene 26 0.000777326191843975 0.00154730054861466 3.61599481338738e-05 7.26421308918603e-05
gene 27 0.000798255664607803 0.00150916324604449 4.13135708779562e-05 7.88168384830306e-05
gene 28 0.00082464980605065 0.00145954571518498 4.17515368523222e-05 7.45675882564556e-05
gene 29 0.000892147042129204 0.00152305918025306 4.2238777216563e-05 7.27981407831492e-05
gene 30 0.000988663283448405 0.00159774326308791 3.93974143451909e-05 6.43238434811094e-05
gene 31 0.0010003742726562 0.00154193690746595 3.85384116834891e-05 6.00016675333271e-05
gene 32 0.0010170809953458 0.00147802780002838 3.86649905694774e-05 5.67458154201895e-05
gene 33 0.00103109177488525 0.00142860568484504 4.08655579163042e-05 5.7173550469587e-05
gene 34 0.00105090396497807 0.00137503528971857 4.51111506650139e-05 5.95925063899492e-05
gene 35 0.00101293700746523 0.00127838792222391 4.94265470883421e-05 6.2948077491234e-05
gene 36 0.00104727747990632 0.00125978477712461 5.76796216786032e-05 7.00233761210335e-05
gene 37 0.00113546557211851 0.00129525728033829 6.0625799189475e-05 6.98237220361188e-05
gene 38 0.00118879034919048 0.00129665712077154 6.14022747235443e-05 6.76403185726483e-05
gene 39 0.00125462208474741 0.00131411297777287 6.1608396678293e-05 6.51856793108086e-05
gene 40 0.00135927108336766 0.00136433746969008 6.6358927111479e-05 6.73266850853195e-05
gene 41 0.00141406652086874 0.00137678822833456 6.30776019905764e-05 6.20970405244033e-05
gene 42 0.00149480341542029 0.00140438171450304 5.94784678650751e-05 5.65218303778924e-05
gene 43 0.00154344763186407 0.00144144692046413 6.47009943342992e-05 6.11442755725237e-05
gene 44 0.00157227137488336 0.00141612781049998 6.63172025373931e-05 6.04399899317818e-05
gene 45 0.00157236540931948 0.00135190933099132 6.7783258878227e-05 5.89544550451763e-05
gene 46 0.00161957829025739 0.0013729316028442 7.01355607393237e-05 6.01626578260635e-05
gene 47 0.00146346800706049 0.00124159716839071 7.06330799047441e-05 6.05661905280408e-05
gene 48 0.00152246811386073 0.00127674999430234 6.63759938452122e-05 5.62798569913429e-05
gene 49 0.00149118354633681 0.00124397791419987 6.2001256114223e-05 5.22874193042761e-05
gene 50 0.00149937243397819 0.00128031833183034 5.72977868157151e-05 4.94642996027442e-05
gene 51 0.00155097939000745 0.00128793225677942 6.36648874979841e-05 5.34623712321984e-05
gene 52 0.00167339597333446 0.00134479068865987 6.62972690648879e-05 5.39155335949483e-05
gene 53 0.00167020231469038 0.00130154383509241 6.7346068819285e-05 5.30978200817135e-05
gene 54 0.00164453680639855 0.00126910960500894 6.40339276605423e-05 4.99890525807121e-05
gene 55 0.00164551844775792 0.00126322845108778 6.35894642056847e-05 4.93807557306622e-05
gene 56 0.00161672299719925 0.00123230603722201 6.58994136320137e-05 5.07992016358673e-05
gene 57 0.0016245847024904 0.00123402594700019 6.64969629364357e-05 5.10869358345816e-05
gene 58 0.00163286918209172 0.00123120804750285 7.46879947646388e-05 5.69561014967745e-05
gene 59 0.00176901071116569 0.00131535691981674 8.23417077426297e-05 6.1980775420749e-05
gene 60 0.0017905866615059 0.00133033711993233 8.57725721939236e-05 6.45142863515579e-05
gene 61 0.00177846023895055 0.00134522394478024 8.15329336541054e-05 6.24353685465568e-05
gene 62 0.00181412351975623 0.00139338660106732 7.86175986461441e-05 6.11544678906768e-05
gene 63 0.00182645574828959 0.00140123755405579 7.45905844394599e-05 5.79600551231749e-05
gene 64 0.0018292977083643 0.00142699538318364 7.08111438123529e-05 5.59548869345901e-05
gene 65 0.00185749325849746 0.00141935515633312 7.21173522748017e-05 5.58254348741406e-05
gene 66 0.0019496591645596 0.00148001095183972 8.03682013328749e-05 6.18353822539036e-05
gene 67 0.00194405234425239 0.00147100201736969 9.11327911688521e-05 6.98942441609884e-05
gene 68 0.00192832104181214 0.00149871313854465 7.80453080024365e-05 6.14827133586184e-05
gene 69 0.00192354836085229 0.00150943604643605 8.4698403417153e-05 6.73678219792344e-05
gene 70 0.0019007497905435 0.00156199780766779 8.17605656273086e-05 6.81136760147446e-05
gene 71 0.0018377759440425 0.00154150026330862 8.34997277924696e-05 7.09807671701744e-05
gene 72 0.00176937916980815 0.00151669530888995 8.24722194881732e-05 7.16119766649131e-05
gene 73 0.00180223973664725 0.00158200669361399 8.1865851248001e-05 7.28260641394187e-05
gene 74 0.00180566845675151 0.00164282965407512 8.65355926242063e-05 7.98056272123139e-05
gene 75 0.00178408843494204 0.00163967420316888 8.84510287705347e-05 8.23932663016305e-05
gene 76 0.00183115578295598 0.00178021780460762 8.80174127510455e-05 8.67826792213188e-05
gene 77 0.00183914041808826 0.00186665991905169 7.54555608044397e-05 7.77081965473845e-05
gene 78 0.0018189895065805 0.00193792191000554 7.56519441518792e-05 8.17997848526813e-05
gene 79 0.00177910174388812 0.00196198729499396 6.60526548205379e-05 7.39249453915985e-05
gene 80 0.00177855169603191 0.00211763581008669 5.98813408208264e-05 7.23974057009087e-05
gene 81 0.0017091397233615 0.00217413558379208 5.97845825032165e-05 7.72134360528733e-05
gene 82 0.00154999801499278 0.00212985145492136 6.17785703604302e-05 8.61218657256303e-05
gene 83 0.00143759661109743 0.0021732311301057 5.94476389383811e-05 9.11461797508712e-05
gene 84 0.00137078613148649 0.00228940914030833 5.89460077009719e-05 9.98654475732312e-05
gene 85 0.00123082165633796 0.0023030051159493 5.29179066966082e-05 0.000100398830661168
gene 86 0.00112456613222557 0.00238411583425661 5.21589347071702e-05 0.000112111939877846
gene 87 0.00107740113830582 0.00262239708785705 4.61931213082591e-05 0.000114082319491046
gene 88 0.00100132445768956 0.00284593524850356 4.28539805899798e-05 0.000123639944345575
gene 89 0.000865657143801947 0.0029282223219396 4.22697683278574e-05 0.000145124851213655
gene 90 0.000746363297979371 0.00301552991065107 3.69876742004397e-05 0.000151654210988434
gene 91 0.00063529268312118 0.00304423002490842 2.79912915619803e-05 0.000136071442732044
gene 92 0.000520270945136093 0.00312283101223598 2.22309435031827e-05 0.000135342352207542
gene 93 0.000395348513313352 0.00306012610680403 1.67958927240001e-05 0.000131772161489801
gene 94 0.000290138364732407 0.00303390523673948 1.35135624462965e-05 0.000143155362362523
gene 95 0.000215234714499422 0.00311825792835182 1.12532131878565e-05 0.000165170381906218
gene 96 0.000142282610297326 0.00271579539270348 1.01966260753999e-05 0.000196801642047858
gene 97 9.12825795448438e-05 0.00218159225580348 9.40460316856097e-06 0.000226781591437477
gene 98 6.77478281325497e-05 0.00190649552337442 8.44328046972842e-06 0.00023946082574086
gene 99 8.93095736952633e-05 0.00283561603848725 1.15902786303206e-05 0.000372217338883613
gene 100    
downstream 0 0.000392166557878383 0.00252719765036263 7.11827937485865e-05 0.000463989723017413
downstream 1 0.000308616441767589 0.00205786270021296 5.6356635143645e-05 0.000379205497458046
downstream 2 0.000242969766421758 0.00167817634910577 4.58879515395331e-05 0.000319374373449645
downstream 3 0.000250802936207358 0.00172011857327421 3.26166512671406e-05 0.00022541806066556
downstream 4 0.000354859772174457 0.00239162995991901 2.89662601596472e-05 0.000197334657517198
downstream 5 0.000439118368805775 0.00287789784857569 3.07624522351856e-05 0.000204273539814704
downstream 6 0.000509918254457769 0.0030924620782603 3.28078391209614e-05 0.00020180411754809
downstream 7 0.00066283226817374 0.00345814804228263 4.50149027463568e-05 0.000238687965987332
downstream 8 0.000649410080733067 0.00307819161652901 5.08140125794214e-05 0.000244391546013601
downstream 9 0.000635070029971512 0.0025902536991114 5.33324823253108e-05 0.000220240065519045
downstream 10 0.000663990832441725 0.00245088852949279 5.52603785202865e-05 0.00020644160256938
downstream 11 0.000668558441675596 0.00235180618160591 5.44476399734858e-05 0.000193797713074571
downstream 12 0.000592356212193474 0.00207237721634049 4.4189671514996e-05 0.000156248519060375
downstream 13 0.000612150108111054 0.00205240801695874 3.77561149643508e-05 0.00012791874567618
downstream 14 0.000617519517038411 0.0020005757850369 4.61652453810699e-05 0.000151099671647665
downstream 15 0.000542647054956903 0.0017195605618347 4.6483368894464e-05 0.00014864092327939
downstream 16 0.000510245117368135 0.00160513630390416 5.02572186745296e-05 0.000159416761494716
downstream 17 0.000633254906419204 0.00188788415244751 4.39354118929101e-05 0.000132288520390119
downstream 18 0.000662466510174299 0.00193648132923124 4.63180297422828e-05 0.000136799304137971
downstream 19 0.000818448523951852 0.00225506447155457 4.59296304466851e-05 0.000128076656054106
downstream 20 0.000852476432858202 0.0022689217633157 4.5298379326792e-05 0.000122048022841686
downstream 21 0.000891094475345779 0.00208983972014888 4.95408046890709e-05 0.000117561397558399
downstream 22 0.0010097212304382 0.00221733148831121 4.36419405596423e-05 9.70626994048922e-05
downstream 23 0.00098900261084717 0.00209582263011992 5.31593725799216e-05 0.000114017465038578
downstream 24 0.000917776351052893 0.00193978164139286 5.80346580166989e-05 0.000124056685410156
downstream 25 0.00103705846346394 0.00207529129867941 6.24387158048646e-05 0.000126491088855789
downstream 26 0.00104639279008906 0.00208771642488911 5.49758599774383e-05 0.000111043067453883
downstream 27 0.00110211798886738 0.00235019053414637 5.61726919050277e-05 0.000121419123418735
downstream 28 0.00104432364596216 0.00217098470269167 5.25765792111869e-05 0.000110683707013924
downstream 29 0.0011086681145087 0.00220107398618952 6.45204068885896e-05 0.000129768032007424
downstream 30 0.00119861396370492 0.00235267402826525 5.94094554370997e-05 0.000118244693131524
downstream 31 0.00126222665732909 0.00243591607401958 6.05137759072246e-05 0.000118483109232722
downstream 32 0.00130963684890719 0.00237437183808012 6.66468781604904e-05 0.000122595060216222
downstream 33 0.00137016035427615 0.00242401733378795 6.07350969438111e-05 0.000109062705847692
downstream 34 0.00134173943358392 0.00240698058416727 5.0070589496859e-05 9.11515728845239e-05
downstream 35 0.00123945640979926 0.00221215279127692 6.42626572620862e-05 0.000116261354445655
downstream 36 0.00121142752500264 0.00213838581323273 6.49180945915524e-05 0.000116099347894881
downstream 37 0.00111903548875169 0.00189619501783705 6.53351944614999e-05 0.000112027873002006
downstream 38 0.00112642851024475 0.00190267868672366 7.74383514058013e-05 0.000132379308987682
downstream 39 0.00101016607298789 0.00172372960368349 6.08665183828668e-05 0.000104989425782879
downstream 40 0.000798441318829317 0.00132975175427321 6.62556095985863e-05 0.000111278237192426
downstream 41 0.000841182645054681 0.00142209275352379 6.67754940481722e-05 0.000113915691396714
downstream 42 0.000816335763552749 0.00140913231462296 6.30961413540696e-05 0.000109869147179186
downstream 43 0.000740538807656088 0.00122314174684472 6.17312683807017e-05 0.000102748606323507
downstream 44 0.00100932302798123 0.00163749899273806 5.69605421601564e-05 9.33822953933526e-05
downstream 45 0.00112618293435541 0.00183759249356391 5.38930090017795e-05 8.89655133732783e-05
downstream 46 0.00104321056857853 0.00168025361845551 4.99751254013332e-05 8.1361055981825e-05
downstream 47 0.001091746030048 0.00179226716583459 5.40298325910189e-05 8.97033540283465e-05
downstream 48 0.00118518680619401 0.00202212734464112 6.85286999059593e-05 0.00011840307502627
downstream 49 0.00109258706624523 0.00195926812703131 6.97613573953985e-05 0.000126605456186602
downstream 50 0.00104388802631297 0.00191200229433523 8.64102443316396e-05 0.000160123065299565
downstream 51 0.00108224775483181 0.00197580298694038 8.85391111681333e-05 0.000163599278336633
downstream 52 0.00124010081967808 0.00212933093038902 6.83882947196815e-05 0.000118992025605438
downstream 53 0.0011456513253418 0.0018885182419312 6.12421389643734e-05 0.000102168364921041
downstream 54 0.00101652653715697 0.00162980393339529 5.58579668950177e-05 9.04975184349804e-05
downstream 55 0.00096874721440886 0.00150959109830968 5.66757933329193e-05 8.9183889986767e-05
downstream 56 0.00100267111987717 0.00158644548079347 5.34255638027805e-05 8.53979618630644e-05
downstream 57 0.00106221286230919 0.00177993733274058 5.58814116984987e-05 9.46902797103696e-05
downstream 58 0.00100573854405055 0.00177646799085625 4.98083586472842e-05 8.89422608898277e-05
downstream 59 0.00105603187567116 0.00188910395735358 5.21986126419497e-05 9.44626172359746e-05
downstream 60 0.00116143726741305 0.00203918087005696 6.6160199722364e-05 0.000117619617869619
downstream 61 0.00132133297885625 0.00216150435868176 9.00316026011044e-05 0.000149307923849804
downstream 62 0.00121933345150441 0.00193544512164519 7.36039492073599e-05 0.000118293355708032
downstream 63 0.00114821291931582 0.00179810226278344 7.33342546200292e-05 0.000116180797807557
downstream 64 0.00110268655374586 0.00167887581328396 7.02680859292409e-05 0.000108176022584878
downstream 65 0.000876156362748686 0.0013890124114059 6.14588394114886e-05 9.83098180132092e-05
downstream 66 0.000852819376991324 0.00146817212163391 5.71584471203449e-05 9.93137926175133e-05
downstream 67 0.000743413013266663 0.00133361425205293 4.80122766467824e-05 8.68388737135816e-05
downstream 68 0.000758455739012137 0.00135916803347785 4.31905729540143e-05 7.80508078300627e-05
downstream 69 0.000871674166949563 0.00159608496239717 5.53179187279722e-05 0.00010227923320836
downstream 70 0.00107347519159292 0.00190357230109218 5.02077801804998e-05 9.00762551858183e-05
downstream 71 0.000926407669230691 0.00154846442517337 6.01086091857675e-05 0.0001014575497493
downstream 72 0.00109776580174681 0.00185680279706656 7.6915050271483e-05 0.000131633661877281
downstream 73 0.000993832033995785 0.00166804137719032 7.45578924704445e-05 0.000126446948863626
downstream 74 0.000919981291473117 0.00157517599738393 6.91361625371801e-05 0.000119528688206871
downstream 75 0.000893129837627056 0.00158512537316377 6.7346333988054e-05 0.000120689451444322
downstream 76 0.000900066346198907 0.00171570909451815 7.02477685524064e-05 0.000135273576800428
downstream 77 0.00089922652742179 0.00168695124130191 6.0740495855373e-05 0.000115118771385522
downstream 78 0.000968899308000374 0.00180815741119051 6.53142658837801e-05 0.000123210784097503
downstream 79 0.00108500752262887 0.00205744025542097 7.5036432503267e-05 0.000144053292493334
downstream 80 0.00106713602782739 0.00206590616922998 6.68870464828448e-05 0.000131094901832818
downstream 81 0.00118079609567177 0.00237070755372106 6.15177671100474e-05 0.000125252417229531
downstream 82 0.00112308502236185 0.00222701097895433 6.05562725633973e-05 0.000121659203608589
downstream 83 0.000922914224913695 0.00192709631229854 5.48133614090906e-05 0.000115730709106993
downstream 84 0.000878728470126269 0.00180218824450428 4.66625575483644e-05 9.67129178396968e-05
downstream 85 0.000937446397904287 0.00190401436588189 5.88015289628179e-05 0.000120774948527788
downstream 86 0.000870569791940067 0.00168027255202123 6.11917884646801e-05 0.000119288232355766
downstream 87 0.000830089465050445 0.00164375245612064 6.30998356956393e-05 0.000126172922330685
downstream 88 0.000917981015881774 0.00177840783769342 7.20450950712425e-05 0.000141053788802093
downstream 89 0.000920912027918759 0.0018296780681891 6.42378789783853e-05 0.000129032413389561
downstream 90 0.000812273485565212 0.00166428611103781 5.26001271201143e-05 0.000108832936373014
downstream 91 0.000866289862589037 0.00189190767887717 4.95577670509684e-05 0.000109414355103078
downstream 92 0.000850132496947486 0.00184324793089563 4.2228146334819e-05 9.25308364994095e-05
downstream 93 0.000832527338989573 0.00187055566662102 4.282805271479e-05 9.72550152306261e-05
downstream 94 0.000738291222502467 0.00161419445487215 4.09105099127619e-05 9.02884808224481e-05
downstream 95 0.000648052855809027 0.00143355330547329 3.5707539189787e-05 7.96439696485789e-05
downstream 96 0.000539172763421 0.00115083650486485 3.97329122349254e-05 8.53785603893961e-05
downstream 97 0.000540749471653519 0.0011459829847708 3.8981597853324e-05 8.31687898861249e-05
downstream 98 0.000358545725869649 0.000760447269719325 3.84629053076007e-05 8.19389890523396e-05
downstream 99 0.000369117329319162 0.000854047708249975 6.1672568819657e-05 0.000143377645348152
downstream 100    
