upstream 0 0.000753487604893819 0.00150452532667104 3.66003524756339e-05 7.37304614149889e-05
upstream 64 0.000797746901415409 0.00150050723806963 3.04158400485906e-05 5.772957954521e-05
upstream 128 0.000894577256475999 0.00154150789651993 3.9363958935602e-05 6.8479218357776e-05
upstream 192 0.00099303638328453 0.00175164279508591 4.22256414190827e-05 7.5290026772576e-05
upstream 256 0.000942451516882291 0.00161425887933388 5.03484246348782e-05 8.71125852528105e-05
upstream 320 0.00101721363471344 0.00181205676778848 5.61975689129637e-05 0.000101239010899858
upstream 384 0.0010402659361189 0.00189440873832495 4.25220901327079e-05 7.83341099833227e-05
upstream 448 0.00101035029077452 0.00182157113368295 4.46042852350263e-05 8.13098818238993e-05
upstream 512 0.00104091401724144 0.00189978155350995 4.76175348476047e-05 8.79148531555672e-05
upstream 576 0.00100776133670411 0.0017888751570249 5.00395958177757e-05 8.98120887492676e-05
upstream 640 0.000875356033234112 0.0017075942578002 4.43235237214372e-05 8.73439632433853e-05
upstream 704 0.000971664537910454 0.00200731319182819 5.15397199857499e-05 0.000107737507939354
upstream 768 0.000954853051234311 0.00226084508770728 4.93512317473365e-05 0.000118355252966308
upstream 832 0.000881794566920063 0.00240151899992295 5.29668202807922e-05 0.00014611408443325
upstream 896 0.000835637582523682 0.00252556054904383 5.64988866176481e-05 0.000173002640046001
upstream 960 0.000660128629971173 0.00237946512083671 4.40209551846215e-05 0.000160594987870392
upstream 1024 0.000590066036756095 0.00247650109136844 4.14608755950973e-05 0.000176119745456266
upstream 1088 0.000455143425704755 0.00229564226723355 3.73817184067139e-05 0.000190591034589068
upstream 1152 0.000409688897060655 0.00245857628216778 3.29320022689873e-05 0.000199879911419569
upstream 1216 0.000374755755596566 0.00272118705847277 3.46094266942238e-05 0.000254364730926498
upstream 1280 0.000278538772202068 0.00254930505620843 2.74023519336192e-05 0.00025357960511175
upstream 1344 0.000269423337129118 0.00287389552396834 2.23977689217174e-05 0.000241879464256487
upstream 1408 0.000233712373173998 0.00299837256453244 1.75489267740591e-05 0.00022801344292623
upstream 1472 0.000187533325464257 0.00292277266473625 1.41672906340669e-05 0.000223537714221323
upstream 1536 0.000164382367473009 0.00334250560915358 1.19687449181963e-05 0.00024667996715857
upstream 1600 0.000120401987674245 0.0036341077590524 8.96884278540472e-06 0.000274700864821687
upstream 1664 0.000109831612921862 0.00444782277343131 9.05745685030008e-06 0.000373451085293966
upstream 1728 0.000104707071017956 0.00484487857183468 6.94530998644884e-06 0.000327563163393854
upstream 1792 4.98380122862265e-05 0.00270397594333862 6.35430013137095e-06 0.000348516889416031
upstream 1856 4.40402355427483e-05 0.00189604731879693 8.72501180222245e-06 0.000378161994208931
upstream 1920 2.31737278697022e-05 0.00095174585973641 8.48846235286234e-06 0.000349896058103104
upstream 1984 8.65781291746365e-06 0.000458665031156683 9.92996980244685e-06 0.000527429775333397
gene 0 2.37093900478256e-05 0.00405888031734 1.72242219814293e-06 0.000299615377669807
gene 64 2.87752683346926e-05 0.00392025026774091 2.16793836748097e-06 0.00029995469124474
gene 128 3.10865198074507e-05 0.00347749949778319 2.10654943935598e-06 0.000238878295331152
gene 192 4.07452384893687e-05 0.00367616978894213 2.9710240210313e-06 0.000272056926653349
gene 256 4.52939611116338e-05 0.00321241445381999 3.39645980955699e-06 0.000243954378479551
gene 320 6.16044088149657e-05 0.00339873720252614 4.15306937423498e-06 0.000232254493534946
gene 384 9.26597175527595e-05 0.0036608988230912 5.91467141479295e-06 0.000237091091589554
gene 448 0.000130619421629062 0.00359900400633931 9.12912454445296e-06 0.000255270292388502
gene 512 0.00019260346331223 0.00357499237813478 1.31196789356649e-05 0.000247177544107637
gene 576 0.000275508157488301 0.00335596689277789 1.61328827162617e-05 0.000199323971528693
gene 640 0.000379378064830206 0.00311098051992714 2.36714094918106e-05 0.000196774698597295
gene 704 0.000503855717300839 0.002910577042863 2.68813036733871e-05 0.000157378073243164
gene 768 0.000620127457991077 0.00266744747570511 3.32606510128338e-05 0.000144946777752061
gene 832 0.000696153495153342 0.00232621604466306 4.04042701575029e-05 0.000136610685386498
gene 896 0.000851189493583448 0.00227174980453622 4.44969118745499e-05 0.000120215362924263
gene 960 0.000960732259362194 0.00208725430958212 5.14957733124802e-05 0.000113222989393611
gene 1024 0.00110868016217666 0.00202612694762885 5.53444142031352e-05 0.00010240514192016
gene 1088 0.00123606387297134 0.00195079782315842 5.57510584145073e-05 8.90975047116744e-05
gene 1152 0.00131877467403393 0.00183112933673005 5.49895439986031e-05 7.73009592412845e-05
gene 1216 0.00137870539459531 0.00174153347078647 4.934724183491e-05 6.31059956886377e-05
gene 1280 0.00144165721553939 0.00165859688516052 5.70830444477152e-05 6.64783669800772e-05
gene 1344 0.00149222057533073 0.00162315373457135 5.87230352499719e-05 6.46660147367663e-05
gene 1408 0.00151675775040806 0.00155814296403521 6.11611945322684e-05 6.35933173644189e-05
gene 1472 0.00162551397077904 0.0016121943553301 6.64082614610469e-05 6.67039816205799e-05
gene 1536 0.00156112261908243 0.00152350543450374 5.61062314478161e-05 5.54238137179687e-05
gene 1600 0.00159426409795727 0.00151968519234377 7.09084559329277e-05 6.84319359376376e-05
gene 1664 0.00156905287878549 0.00150278707399615 7.0068981347102e-05 6.79274917576632e-05
gene 1728 0.0015640961189484 0.00147031060425544 6.73162056605374e-05 6.40440182019713e-05
gene 1792 0.00162562525381828 0.0015193075946047 7.39125580264085e-05 6.99357015042713e-05
gene 1856 0.0016187821026273 0.00153337423845586 6.10490238561773e-05 5.8551506083281e-05
gene 1920 0.00157988594570179 0.00152084709271285 6.63685105363219e-05 6.46821068866499e-05
gene 1984 0.00145999188026755 0.0014491732206981 6.87511227764468e-05 6.90349867562585e-05
gene 2048 0.00150153802949615 0.00152045661810322 6.70534537624148e-05 6.87104103579668e-05
gene 2112 0.00150637608784884 0.00154438268968436 6.54617562563337e-05 6.79219365820873e-05
gene 2176 0.00150099440403903 0.00153743786128849 6.78457678511712e-05 7.03321760344106e-05
gene 2240 0.00154810379941369 0.00160246770944425 6.65994324968672e-05 6.97960642997779e-05
gene 2304 0.00144249182231393 0.00151860011562008 6.60704683118522e-05 7.0375133664376e-05
gene 2368 0.00138869697914784 0.0014771532894879 6.32627192255335e-05 6.80535098665655e-05
gene 2432 0.00144818802394775 0.00156438675980059 5.73424920787618e-05 6.26837230665988e-05
gene 2496 0.00143564929313647 0.00157825117814124 5.89501502922866e-05 6.55731144280596e-05
gene 2560 0.00139624355754632 0.00157639530764368 5.37130539983541e-05 6.1358705921152e-05
gene 2624 0.00136272249240383 0.00155491734981181 5.93272323652314e-05 6.84836577381646e-05
gene 2688 0.00132499025784545 0.00155027469716464 5.58461819521011e-05 6.60881154883542e-05
gene 2752 0.00124094892425908 0.0014784643906474 5.1566555584097e-05 6.20956949746487e-05
gene 2816 0.0012272367620893 0.00146717997553804 5.34978800152403e-05 6.46394212183036e-05
gene 2880 0.00122495920285369 0.00150527569903813 5.04433511792947e-05 6.26555492736532e-05
gene 2944 0.00112785969541798 0.00139113794994882 5.72867640612105e-05 7.1364425200076e-05
gene 3008 0.00115347038332376 0.00141571719694341 6.09498954793505e-05 7.55744385919098e-05
gene 3072 0.00110440120603443 0.00136950690754366 5.74293361284937e-05 7.19121177667472e-05
gene 3136 0.00102484296635499 0.00129035710275463 5.59929158976969e-05 7.11517609456226e-05
gene 3200 0.00103586377419398 0.00134732557238043 4.95013327376973e-05 6.4991967650012e-05
gene 3264 0.00107025650958956 0.00144026018293142 4.86184860102811e-05 6.60786237468137e-05
gene 3328 0.00108863281943202 0.00148337041365964 4.44890518783071e-05 6.1237277531475e-05
gene 3392 0.0012188873136117 0.00166736334971544 4.54570989401227e-05 6.28945977588701e-05
gene 3456 0.00121842871807267 0.00161917212901609 4.83313080551306e-05 6.49527902710642e-05
gene 3520 0.00110611245545307 0.00147403900330803 4.81632966240356e-05 6.48454921236731e-05
gene 3584 0.00108457877522045 0.00146024359203974 4.96640146507319e-05 6.75423829127902e-05
gene 3648 0.0010670021152039 0.0014115874980839 4.97682241676784e-05 6.64812880557832e-05
gene 3712 0.000981147562455396 0.00129843587778087 5.53410406540182e-05 7.38991973150487e-05
gene 3776 0.00103436981828188 0.00136782727302394 5.92671483386624e-05 7.91193647698243e-05
gene 3840 0.00113817792572453 0.0014560883639568 5.51962305792856e-05 7.13492783412795e-05
gene 3904 0.00101933172520695 0.00133237323093549 4.57583316683879e-05 6.03649120598412e-05
gene 3968 0.00105376065836463 0.00138782800759735 4.44633919671596e-05 5.91225236071329e-05
gene 4032 0.00109068872119737 0.00143862031499857 5.20720749437027e-05 6.93674733938639e-05
gene 4096 0.00101925064104024 0.00138194110880989 5.03888274682875e-05 6.89731491320076e-05
gene 4160 0.00113119615636577 0.00150774519840661 5.2953821489002e-05 7.13197056701513e-05
gene 4224 0.00110841705101727 0.00147567619312906 4.89721297570483e-05 6.58692991075148e-05
gene 4288 0.0010280506280238 0.00140527223101456 4.64751053215524e-05 6.4144746691669e-05
gene 4352 0.00103477191441679 0.00141447073234439 4.62835439019091e-05 6.38800435925075e-05
gene 4416 0.00100076466473561 0.00140014870439635 5.22077952104319e-05 7.37377394319076e-05
gene 4480 0.00103525550578737 0.00147619367264462 5.23990953581152e-05 7.54597591076927e-05
gene 4544 0.00109081136771763 0.00152441312693815 6.12191667045114e-05 8.64421750586206e-05
gene 4608 0.00113889880409832 0.00156244927861507 6.04754431471396e-05 8.3859128250572e-05
gene 4672 0.00117373430524165 0.00158671273633304 6.46439259399327e-05 8.83456690236149e-05
gene 4736 0.00115247392048492 0.00156756041564433 7.20505702679568e-05 9.90716860682646e-05
gene 4800 0.00108949485788513 0.00148064037214136 6.75959452338857e-05 9.28068829122197e-05
gene 4864 0.000970617390942713 0.00135168316063605 6.693508696777e-05 9.40642612476047e-05
gene 4928 0.000846785655980947 0.00122294618632594 6.05148253242208e-05 8.81070892178898e-05
gene 4992 0.000801491931780143 0.00115579035003095 5.28415914425666e-05 7.67886065923915e-05
gene 5056 0.000869706646798612 0.00128376968165197 5.00107068231131e-05 7.44546641866184e-05
gene 5120 0.000954042754900365 0.00142632795116307 5.06470142221671e-05 7.64343612227001e-05
gene 5184 0.00105417783045974 0.0014954425468836 5.03531239934302e-05 7.21550394974215e-05
gene 5248 0.00105527202820496 0.00148243460651739 4.24083588287389e-05 6.01719385972902e-05
gene 5312 0.00107381214122418 0.00148506331544135 4.12342734018757e-05 5.76059864638075e-05
gene 5376 0.00106701906212849 0.00138762009018169 4.3000674751548e-05 5.64671083831077e-05
gene 5440 0.00102735020300548 0.0013630504962025 5.00019872229026e-05 6.69712855156684e-05
gene 5504 0.00108554910438729 0.00144599341531834 4.47746752485427e-05 6.02386137484048e-05
gene 5568 0.00118639604130277 0.00158281264883154 4.75105124172488e-05 6.40871536644361e-05
gene 5632 0.00116383495932846 0.0015971313092124 4.8958182261458e-05 6.79158859467143e-05
gene 5696 0.0011543173359743 0.0015569599123076 5.33267327119139e-05 7.26989521459679e-05
gene 5760 0.00113327171204918 0.00152341052845511 6.52544893855392e-05 8.86390047466186e-05
gene 5824 0.00104916537980102 0.00141888840826866 6.25738772212888e-05 8.54616730430272e-05
gene 5888 0.00114748286634012 0.00150903022624063 7.01811908267084e-05 9.32651396795817e-05
gene 5952 0.00121755151491208 0.0015882954088718 7.5236483076119e-05 9.92389478330085e-05
gene 6016 0.00128728146443088 0.00172348251095777 7.48077691953256e-05 0.000101354194729764
gene 6080 0.00121834007813981 0.00169060122911304 7.28816317071843e-05 0.000102296061994169
gene 6144 0.00115477394162654 0.00165567428640059 7.45366705896942e-05 0.000108058832861837
gene 6208 0.00102517448448034 0.00149481091048365 6.28272113571373e-05 9.25273113973014e-05
gene 6272 0.000805364592523952 0.00114468073402303 5.98596750764539e-05 8.57420308121619e-05
gene 6336 0.0008431545013672 0.00117912134365279 6.43398765142523e-05 9.07071309869288e-05
gene 6400 0.000848235677898533 0.00121112662022267 6.34346076665751e-05 9.13084437288181e-05
gene 6464 0.000846537310850145 0.00128598258275885 6.83011977256776e-05 0.000104642801379541
gene 6528 0.000932418343426977 0.00138807513172125 6.35670230843966e-05 9.54981948484259e-05
gene 6592 0.000862826644083134 0.00127393733152925 5.89936142511128e-05 8.78384961183285e-05
gene 6656 0.000832328164570772 0.00118708299921648 5.9610194237221e-05 8.57086826061042e-05
gene 6720 0.000966026823030336 0.00126803486080933 5.60350649082838e-05 7.42051464660358e-05
gene 6784 0.00103048787669534 0.00138321249503521 4.94141943674576e-05 6.69657356838386e-05
gene 6848 0.00129936077431976 0.00171582681648028 5.69065281015242e-05 7.604652034772e-05
gene 6912 0.00125172488162956 0.00172452991734332 5.94463572107497e-05 8.28700813764866e-05
gene 6976 0.00142181382136298 0.00209962504400828 7.24708672324517e-05 0.00010850858183411
gene 7040 0.00124145191336222 0.00183962396556661 6.49359951381443e-05 9.74011226950574e-05
gene 7104 0.000928383059644633 0.0014109314673998 6.48206669544416e-05 9.94250870786565e-05
gene 7168 0.000966924767948494 0.00140042810067763 6.38498042273197e-05 9.33458040270976e-05
gene 7232 0.000787445656640709 0.00111736828891747 5.85141893025969e-05 8.36672404113476e-05
gene 7296 0.000922295703921831 0.00126980110877083 5.52152655264608e-05 7.66784395794034e-05
gene 7360 0.00110932127443067 0.00150468709558541 7.29675978452895e-05 0.000100005042590064
gene 7424 0.00102765758309803 0.0014325271633017 6.12264268834685e-05 8.61747463537121e-05
gene 7488 0.00109840451922791 0.00142297482835197 6.16308195477824e-05 8.06376783575231e-05
gene 7552 0.00106033568349011 0.00155118114601081 4.93036371283389e-05 7.28748240541707e-05
gene 7616 0.000921015233166257 0.00130254383846528 5.13107470651933e-05 7.32112576737407e-05
gene 7680 0.000896903503288173 0.0013509720575965 4.67601059399121e-05 7.10687764725975e-05
gene 7744 0.000790234255933427 0.00124568886567774 5.57594053620859e-05 8.86076879624358e-05
gene 7808 0.000896930152409146 0.00133021898885302 7.11276392832496e-05 0.000106429955515449
gene 7872 0.000761988757614793 0.00126626985627493 5.92704074110588e-05 9.92919707192915e-05
gene 7936 0.000913387913533551 0.00146978245090742 7.33154842588033e-05 0.000119079817660264
gene 8000 0.000920857736270307 0.00152291141540445 7.86770636304113e-05 0.000131357993962186
gene 8064 0.00080036342810969 0.00134699831157945 6.66533922180363e-05 0.0001131459788113
gene 8128 0.00114963609713842 0.00182749080693802 6.397643103911e-05 0.000102934574324036
gene 8192 0.00107496184780669 0.00170949321342747 4.91217202222747e-05 7.89692032881455e-05
gene 8256 0.00135677558966114 0.00204193460565351 6.16547347311897e-05 9.40290413033249e-05
gene 8320 0.00150006353448388 0.0020862083670362 7.38240133539172e-05 0.000104128209511299
gene 8384 0.00124855326966276 0.00171598423998625 0.000101888526529343 0.000141694625842679
gene 8448 0.00113724014784498 0.00158709646905271 0.00010589112746494 0.00014938086275381
gene 8512 0.000808410004811493 0.00109729640757824 0.000117515365379817 0.000160671629835012
gene 8576 0.000640303195938713 0.000946636086683862 0.000110008021144484 0.000163670057765172
gene 8640 0.00056105734561519 0.000763170635738884 7.50508735536087e-05 0.000102631047475086
gene 8704 0.000648653165918962 0.000848371538037455 7.68476382805474e-05 0.000101117443318829
gene 8768 0.000358421432787835 0.000474579056090823 8.52491690085933e-05 0.000113260821876985
gene 8832 0.000633059988541414 0.000778349660145395 0.000100469576875822 0.000124229981336195
gene 8896 0.00089085897024189 0.00116591860920535 9.02662873018679e-05 0.000119104788311055
gene 8960 0.00101390725279711 0.00130639589821196 8.95448536284042e-05 0.000116426913109173
gene 9024 0.00144239933465626 0.00215013785266385 8.39165306772267e-05 0.000126864334201774
gene 9088 0.00118175440438495 0.00168546702392316 0.000106158337809872 0.000153129275570092
gene 9152 0.00115634098268768 0.00159034963014065 0.000111312227288688 0.000154728868363841
gene 9216 0.0011193730007375 0.00156870194588844 0.000106595210772131 0.00015096459369761
gene 9280 0.00102985194941804 0.00132555663781823 0.000113238289772414 0.000147137659658214
gene 9344 0.00106374895249474 0.00135526423790287 9.95063583014197e-05 0.000127997297473429
gene 9408 0.00104981723973598 0.00152348337397817 0.000115577748799293 0.000169411193033646
gene 9472 0.00125970621658509 0.00181239042962691 0.000131666530423161 0.00019173917157786
gene 9536 0.0011541559660293 0.0016065195245092 0.000114877056331426 0.000161651725429033
gene 9600 0.00127421893730256 0.00182119143854194 0.000105592739391423 0.000152785906973912
gene 9664 0.000931330950482634 0.0012603668517983 0.000115269623374871 0.000157350017968971
gene 9728 0.000728415918294403 0.00096774662097216 9.04514199093926e-05 0.000121000820678609
gene 9792 0.000751749396600417 0.00107825158272976 9.08088818015511e-05 0.000131184020697801
gene 9856 0.000552868265174045 0.000830427112236336 7.66742557503578e-05 0.000115794686910649
gene 9920 0.000937391487719065 0.00134461950884682 7.86588912332807e-05 0.000113870033249205
gene 9984 0.00125255020115229 0.00171233724978449 9.78637430779675e-05 0.000135371000862203
gene 10048 0.00138364588995542 0.00184186366761184 0.000106098787721563 0.000143034704303638
gene 10112 0.0015604563556701 0.00194253494688838 9.83266588421783e-05 0.000123915233713719
gene 10176 0.0012653543189312 0.00167273717038437 0.000110972206428923 0.000148404773305646
gene 10240 0.000902036977550458 0.00134184034091768 0.000108939983036788 0.000163506632902846
gene 10304 0.000968167577421048 0.00144129160239391 0.000107367601579261 0.000161356631554892
gene 10368 0.000829867014675441 0.00128575299385568 9.90196931593572e-05 0.000154711452980444
gene 10432 0.000605473985163611 0.000964473725980101 9.85969567967931e-05 0.000158035007868404
gene 10496 0.000791837503292976 0.00113206093872648 0.000112917625162117 0.000162697265020118
gene 10560 0.00057685288942236 0.000822766576772001 9.73881571551083e-05 0.00013969528260162
gene 10624 0.000930548156602686 0.00115397013062829 0.000143498472385802 0.0001794193709837
gene 10688 0.000989552284987258 0.00104011891123759 0.00018375446650804 0.000194698894765524
gene 10752 0.000691390077221822 0.000879764135539444 0.00018234581520842 0.000233508481576509
gene 10816 0.000979830720829534 0.00128329890827153 0.000182651556157249 0.000241428414716548
gene 10880 0.000655501831108167 0.000992163933649925 0.000134612917049013 0.000205111643831115
gene 10944 0.000963660605932399 0.00149053576311745 0.000110207566211456 0.000172081122234853
gene 11008 0.00105641711753398 0.00157610472999002 0.000104961673604375 0.000158215470187211
gene 11072 0.000781881693305837 0.00124521786182988 7.55747266832552e-05 0.000121331388853039
gene 11136 0.00103736288590625 0.00153014002922592 0.000124540698538681 0.000185616974420122
gene 11200 0.000588141938462866 0.000872374705091607 0.000122886195205711 0.000183350307513569
gene 11264 0.000506552594629442 0.000705194282733756 0.000105918788367902 0.000148151124924018
gene 11328 0.000318460601499632 0.000381573379463346 9.08778309853373e-05 0.000109191290985078
gene 11392 0.000532880356024679 0.000585397538060415 9.90177304408928e-05 0.000109272232027947
gene 11456 0.000750962780839631 0.00073897371486341 0.000110399909163623 0.000109290729816629
gene 11520 0.000512653335666864 0.000513204344344716 0.000158431784214253 0.000159282594703411
gene 11584 0.000687218464661 0.000672427559145835 0.000149569216357254 0.000147143288347859
gene 11648 0.00124280573692145 0.00126935921814895 0.000121767631187574 0.000125628238788761
gene 11712 0.00112317994764417 0.00123545180980939 0.000134634991926939 0.000149492608724797
gene 11776 0.00152040948310197 0.00165142926337774 0.000118581582144653 0.000130434949828078
gene 11840 0.00169669014578055 0.00187909809231161 0.000169989790683185 0.000191403265474049
gene 11904 0.00096453228402451 0.0011706649875594 0.000190238058939364 0.000232849877748
gene 11968 0.00102388044494213 0.00122360018337981 0.000172165325338939 0.000207522445142799
gene 12032 0.00107363637842423 0.00130183443317697 0.000167860176687051 0.000205454083543729
gene 12096 0.000824319197247673 0.0010032356090029 0.000130934775701357 0.000160526049221186
gene 12160 0.000599546522259893 0.00066406684137478 0.000128154172514228 0.000142647184207076
gene 12224 0.000574633582449557 0.000662060281348657 0.000117991743689602 0.000136601375553073
gene 12288 0.000609829036700146 0.000634928821983445 9.72098306588065e-05 0.000101711124528844
gene 12352 0.000657350990296221 0.00066628568567996 0.000103517858267639 0.00010546953839391
gene 12416 0.00100769847072253 0.00100609634964576 0.000163443546272977 0.000164503740099302
gene 12480 0.000911123410871479 0.000799595784078702 0.000182409015135549 0.000161161320043956
gene 12544 0.000423250915983904 0.00038122415215045 0.000160751934684826 0.000145274301935466
gene 12608 0.0011670546044403 0.00119137947387937 0.000185976877317833 0.000191612412621917
gene 12672 0.00227401754029122 0.00251837046935029 0.00022315916338615 0.000251817733688498
gene 12736 0.00259681421239498 0.00283291333389041 0.000217151864649334 0.000241910508426701
gene 12800 0.00289593419567534 0.00371013910060284 0.000197499041810492 0.00025961573015403
gene 12864 0.00283884616260319 0.00391225410120491 0.000204738323553485 0.00028943229694085
gene 12928 0.00142531371151527 0.002345162556065 0.000164963488462217 0.000275440575455155
gene 12992 0.00132314011206884 0.00300024101327808 0.00011842074350603 0.000273147215184787
gene 13056 0.00150112212404489 0.00310716534601098 0.000127871298851236 0.000269472842945813
gene 13120 0.000976059665110415 0.0015915205313251 0.000101828825108457 0.000167580972637485
gene 13184 0.00118173675672653 0.00153421445831548 0.000145655585618887 0.000191108087522666
gene 13248 0.000817661435486765 0.000952513585791513 0.000152514792822677 0.00017894748009303
gene 13312 0.000529829058644594 0.000636305039167166 0.000114524749758602 0.000138178342570186
gene 13376 0.000798714242216113 0.00101500406601887 0.000127552319094569 0.000163259412926883
gene 13440 0.000932305666370402 0.00143176876214286 0.000163398787964509 0.000253279802085704
gene 13504 0.000551044398125926 0.000746122812258712 0.000193609203835415 0.000263482342417548
gene 13568 0.000657227686700936 0.000764347024498546 0.000235098126676574 0.000275074283586868
gene 13632 0.000803454587909799 0.000980285895008973 0.000244904334879747 0.000301006089117571
gene 13696 7.92580986529206e-05 9.65212449977025e-05 0.000178680799604518 0.000217875737054591
gene 13760 0.000511577966381526 0.000611320915228778 0.00016658379775938 0.000199917550813378
gene 13824 0.000603458848836283 0.000828205517872122 0.000128582422615605 0.000177510550692494
gene 13888 0.000388030644783571 0.000569020520666892 9.98044894832528e-05 0.000146934692329972
gene 13952 0.00039833009332805 0.000554908610018058 0.00012477904215909 0.000174489064612783
gene 14016 0.000145671035988686 0.000223371335556543 0.000100727746707915 0.000154714126034063
gene 14080 5.09972138693932e-08 7.18966251539144e-08 0.000124948428258118 0.000176314271675835
gene 14144 0.000243433091701903 0.000273732774037432 0.000298421174385565 0.000336412370156966
gene 14208 0.00156369997971074 0.00152442016564274 0.000592936993855007 0.000585241573153134
gene 14272 0.001238114164536 0.00138613498070498 0.000547511993857693 0.000619321269528718
gene 14336 0.00113886341298102 0.00129357979101723 0.000343061635457535 0.000393552493364479
gene 14400 0.00075086523586039 0.00121447531634878 0.000253461944411982 0.000413295410172974
gene 14464 8.30201157738109e-09 1.82362025291582e-08 0.000109822496831913 0.000241426096627247
gene 14528 0.000432845837539828 0.000838193198077981 0.000197941765831264 0.000385228081839417
gene 14592 0.000581124609928337 0.00111203676541014 0.000225045501979216 0.000433735721965603
gene 14656 0.000591552121667266 0.00104231101708417 0.000231021188058477 0.000409760539236134
gene 14720 0.000685832442762102 0.000914516716325723 0.000244454541994232 0.000328085238232144
gene 14784 0.000173078030884965 0.000261340890842747 0.000190232073001644 0.000287895967869472
gene 14848 9.15742978831677e-05 0.000177100543443056 0.00021100231597425 0.000408908186426341
gene 14912 3.06979945664716e-05 4.16175234178061e-05 0.000209296131753779 0.0002841151921067
gene 14976 0.00012808008623575 0.000158677503198482 0.000236093624020063 0.000293059441607885
gene 15040 0.000353491932548172 0.000359820358833691 0.000225317102895826 0.000230110940420448
gene 15104 0.00124483808031361 0.00117123203380745 0.000427391073061044 0.000406052750231138
gene 15168 0.00139489017547114 0.00123681779650124 0.000483106529263779 0.000432911910461339
gene 15232 0.00158730162991555 0.00131166236901378 0.000588357881011426 0.000491827129963336
gene 15296 0.00144405315419785 0.000946181457355066 0.00055088674218682 0.000364610596128549
gene 15360 0.000821436588863175 0.000542618806102859 0.000363035692882601 0.000241169173701102
gene 15424 0.000649964583565387 0.000695151132718369 0.000269394582552511 0.000289733445432366
gene 15488 0.000197864751779441 0.000176575184039242 0.000208175133019085 0.000186146063351798
gene 15552 2.12328687752745e-06 1.99586312342794e-06 0.00018158103536465 0.000170887473377413
gene 15616 0.000221064675653046 0.000199290968499213 0.000146579025470636 0.00013236577135436
gene 15680 0.000133543096342017 9.1563091542725e-05 0.000198383767365311 0.000136215343327957
gene 15744 0.000366547832807099 0.000223576815253274 0.000381302495434549 0.000233288161924865
gene 15808 0.00181851634414232 0.00116110319200985 0.000497051734587645 0.000321351625694897
gene 15872 0.0025266276259417 0.00111437323385237 0.000709882425162787 0.000317796638123693
gene 15936 0.00420679719513228 0.00205714104048476 0.000730197291896973 0.000366021283150958
gene 16000 0.00414538923548075 0.0030708165931582 0.000519996907369698 0.000396073038515919
gene 16064 0.00638205881410826 0.00460449174948108 0.000886282963587795 0.000667345912895821
gene 16128 0.00564882862041631 0.0039559730898678 0.000859628358535832 0.000648363850734903
gene 16192 0.00495382886622131 0.00412850052814764 0.00075420558281131 0.000651076968070673
gene 16256 0.00417302194163445 0.0030557960314362 0.000634475403235215 0.000491959203936461
gene 16320 0.00333579106967023 0.00298561071545768 0.00047351583477461 0.00043470560701676
gene 16384 0.00176810425749548 0.00259407134720148 0.000320306434469691 0.000478231939510473
downstream 0 0.000475114394802903 0.00270778848407256 4.24734404272591e-05 0.000245132743220156
downstream 64 0.000536279121918899 0.00253604474987785 3.57497580969061e-05 0.000171111685797016
downstream 128 0.000574601400903 0.00229835658501026 3.52204367348021e-05 0.00014248503691428
downstream 192 0.000611015806305399 0.00210943659194182 3.72437133585706e-05 0.000129953806871539
downstream 256 0.000685954294188982 0.00202817489830667 3.56257840102961e-05 0.000106460997725531
downstream 320 0.000754806907860857 0.0019504633071192 3.59222641588815e-05 9.38169459910776e-05
downstream 384 0.000900676226457259 0.00210239316507557 4.05746431028115e-05 9.5833593298003e-05
downstream 448 0.00107928753763227 0.00225122793057326 4.49766823757555e-05 9.50423335892715e-05
downstream 512 0.00113294747061002 0.00218659603526065 4.25986274385431e-05 8.33005270190507e-05
downstream 576 0.00117190683356264 0.00221355889733906 4.80887528142206e-05 9.20449975331086e-05
downstream 640 0.00112583675620833 0.00202345995823584 4.90735380302247e-05 8.9291110016567e-05
downstream 704 0.00103879070546473 0.00181398502420108 5.03435458148822e-05 8.8903724529046e-05
downstream 768 0.00102519153778828 0.00172044402687819 4.50010814679685e-05 7.63406464940993e-05
downstream 832 0.000994134842583852 0.00166633748153209 4.35777654069927e-05 7.3816664345879e-05
downstream 896 0.00106711404862197 0.00183015134307679 4.41763061667439e-05 7.66359522492915e-05
downstream 960 0.00106937877598176 0.00176526914407347 4.5622768356873e-05 7.61599102900512e-05
downstream 1024 0.00108546039760069 0.00187930889221925 5.29698606467739e-05 9.27841304942756e-05
downstream 1088 0.00110654967870971 0.00184671817291637 5.87770462143638e-05 9.92369194587163e-05
downstream 1152 0.00107107684165241 0.00171409367213584 4.62693104620099e-05 7.48567328487992e-05
downstream 1216 0.00101408990976718 0.00174247258534375 4.30099487156847e-05 7.47058021696304e-05
downstream 1280 0.000986647559770079 0.00163839437472413 4.68966297969697e-05 7.86804353664091e-05
downstream 1344 0.000937267893835417 0.00159620068982348 4.58868515896923e-05 7.89368071890731e-05
downstream 1408 0.000912355429449967 0.00165030244787159 5.16985159977085e-05 9.44652361240904e-05
downstream 1472 0.000987229466937975 0.00178098480200494 5.33360556512975e-05 9.72731897402837e-05
downstream 1536 0.000966851877358452 0.00185332442274955 5.27204405311812e-05 0.000102191151461874
downstream 1600 0.000983162481924445 0.00193789439187017 5.24502455335675e-05 0.000104573713600799
downstream 1664 0.00097855294933421 0.0019296685301843 4.92483767225275e-05 9.82332039573581e-05
downstream 1728 0.0008838619023023 0.00184860316926035 4.37477985810379e-05 9.24968102124946e-05
downstream 1792 0.000777533964616573 0.00161995476129279 3.84664678909049e-05 8.09056825769895e-05
downstream 1856 0.000717489090617971 0.0015358258043316 3.35868627435315e-05 7.25374658524383e-05
downstream 1920 0.000637275813078784 0.00142165394525962 3.37812236676564e-05 7.59759205563592e-05
downstream 1984 0.000532109906780015 0.00113791525201786 3.74753191627177e-05 8.06686724632601e-05
