upstream 0 0.000522288890982815 0.00129777961118796 8.34399186361651e-05 0.000208795723807564
upstream 1 0.000469084485231271 0.00123090954273533 8.03408564423679e-05 0.000212247888564394
upstream 2 0.000335168156027546 0.000922870388820639 8.06173376168684e-05 0.000223091679383011
upstream 3 0.00030546320733385 0.000943332814725966 7.09380772643298e-05 0.000220126170573538
upstream 4 0.000224170439829304 0.000619028442505368 5.61597118150644e-05 0.000155599209808454
upstream 5 0.000322172829141217 0.000843500009238065 5.62331674212927e-05 0.000147905546025214
upstream 6 0.000530486971041556 0.00133853655322444 7.6099517817909e-05 0.000193413875380126
upstream 7 0.000745180616819046 0.00189747325437677 8.21601416567186e-05 0.000211425772808838
upstream 8 0.00111514197116044 0.00261967290073122 0.000104388330343706 0.000248812683745151
upstream 9 0.0010228731762938 0.0024887764197333 0.000101282178662077 0.000249755425218209
upstream 10 0.000960237735783987 0.00255667266407448 9.04121935697083e-05 0.000244073497812834
upstream 11 0.000799592171689546 0.00211587137102322 7.42397159064732e-05 0.00019873822028927
upstream 12 0.000979988571144059 0.00232827191768017 0.000103200764861695 0.00024839487877386
upstream 13 0.000841510170724407 0.00200357062582828 0.000116185377192003 0.00027978997911146
upstream 14 0.000849767806992327 0.00201434562749118 0.000118427148949132 0.000283952651485788
upstream 15 0.00078798626902523 0.00187130974223504 0.000117847448134787 0.000282730353456166
upstream 16 0.00100978535344131 0.00217147679967076 0.000118398582031819 0.000257769475493473
upstream 17 0.00101889853733081 0.00220760297052949 0.000105265314266168 0.00023100131037047
upstream 18 0.000854018678058702 0.00179822423420354 9.24668221894481e-05 0.00019669802761912
upstream 19 0.000846207910638392 0.00183991778630428 9.83579114263602e-05 0.000216117593025916
upstream 20 0.000958527067610909 0.0019774340756982 9.88584805139028e-05 0.000206260627285938
upstream 21 0.000829403761125036 0.00183372366140987 8.96886551891552e-05 0.000200368123482145
upstream 22 0.000489940807427693 0.00122444615843072 7.373969418656e-05 0.000185566139624352
upstream 23 0.000700102592191206 0.0018467028526225 8.05388010458595e-05 0.000214590502288773
upstream 24 0.000411609955840838 0.00116231055351686 6.35867720485794e-05 0.000180695696648635
upstream 25 0.000358007008179316 0.0010422468097986 6.11054889060164e-05 0.000178890203285709
upstream 26 0.000246503915617522 0.00069336859018218 6.4603736438886e-05 0.000182414447525027
upstream 27 0.000477075867751785 0.00127325167827165 8.77808990294395e-05 0.000235905527370301
upstream 28 0.000423622621678096 0.00114168465811272 8.59857724858984e-05 0.000233146705574064
upstream 29 0.000557988765187798 0.0014521122587608 0.000103306749566496 0.000270920984179731
upstream 30 0.000729546394442545 0.00199425566963506 0.000119536295661543 0.000330333100590966
upstream 31 0.000697832262361209 0.00217259645961796 0.000103193614280462 0.000324721307944995
upstream 32 0.000678104918334026 0.00214647226823106 7.06350951572413e-05 0.000226114405650724
upstream 33 0.00037384615481971 0.00116462296366963 7.5755906236086e-05 0.000237484127483495
upstream 34 0.000378768878193298 0.00125427453212454 6.79758368811013e-05 0.000226548009392215
upstream 35 0.000426181216657573 0.00162625334691527 7.36556070479592e-05 0.000283358382212999
upstream 36 0.000508675257561203 0.00186343299802282 6.56720795502753e-05 0.000242873635006104
upstream 37 0.000411171383588457 0.00168116664996346 6.89470713061804e-05 0.000284252975996908
upstream 38 0.000502035684597405 0.00238120559708783 6.51971731014104e-05 0.000312681939012769
upstream 39 0.000344432361159296 0.00182250150711899 6.75444734628917e-05 0.000360489995287929
upstream 40 0.000188556559679023 0.0008508442444337 7.19432254390051e-05 0.000325982563891036
upstream 41 0.000102429309379802 0.000516844642895966 6.49907862476195e-05 0.000328794734232993
upstream 42 0.000223808760879236 0.00129306592170843 8.21437439490418e-05 0.000477653624190149
upstream 43 0.000256061143838169 0.00144522520354446 7.75676262796481e-05 0.000440852235891472
upstream 44 0.000381074635620587 0.00240322203729935 8.50240217180377e-05 0.000541952709348862
upstream 45 0.00031060033635895 0.00236133564648999 6.27915786907526e-05 0.000482544879895417
upstream 46 0.000354961084687793 0.00335468015026686 5.27699769611195e-05 0.000505969471199948
upstream 47 0.000366644496188306 0.00358452268028256 4.68088947249779e-05 0.0004649121547659
upstream 48 0.000403192630965689 0.00388269294452323 6.48533457825181e-05 0.000634881172954327
upstream 49 0.000334571226218225 0.00291928032605296 6.68378757493153e-05 0.000590664841251604
upstream 50 0.000287661123133551 0.00259561593989766 5.42421403498884e-05 0.000495143582558294
upstream 51 0.000303185144286888 0.00268963170270937 6.787956983389e-05 0.000609458184428138
upstream 52 0.000442472519489326 0.00385719383263743 7.64212117468615e-05 0.000677646238864436
upstream 53 0.000390014823614809 0.00373502989194239 5.26449630604059e-05 0.000512232844266517
upstream 54 0.000394268853807349 0.00419512227646286 4.45325369345038e-05 0.000482484482471636
upstream 55 0.00036275956684394 0.00413784131332295 4.95760013436396e-05 0.000575542864475327
upstream 56 0.00027329882490899 0.00291143238309043 5.3772879884627e-05 0.000580131915780475
upstream 57 0.000284301577102282 0.00295854356437193 4.60988027306097e-05 0.000485899955446276
upstream 58 0.000165798479308045 0.00223352122556895 3.4095983274359e-05 0.0004637944205082
upstream 59 0.000146944571473814 0.00216439298100506 3.99543463705865e-05 0.000593850409491212
upstream 60 0.000137919973769067 0.00241607620915876 3.62074057393353e-05 0.000641060238641699
upstream 61 0.000157852273251543 0.00398230451549188 3.11447698917742e-05 0.000798572747062597
upstream 62 2.93072700317682e-05 0.000965964066660205 2.40416383324128e-05 0.00079552306146542
upstream 63 3.41511033581874e-05 0.00123940888645067 2.66121976195179e-05 0.000971236959805997
upstream 64 3.97754766694091e-05 0.00273364961409577 1.78491421567075e-05 0.00124043270190737
upstream 65 1.22018024197176e-05 0.00147603531169868 1.47527975724276e-05 0.00179889308209026
upstream 66 1.09492165596968e-05 0.00268698719076059 1.37982728191828e-05 0.00344177517775065
upstream 67 1.72505396281933e-05 0.00285140185901816 1.07767136043579e-05 0.00180578902214223
upstream 68 3.98627213438517e-06 0.000811220859610009 4.55884279333265e-06 0.000932675006743189
upstream 69 5.50029983361165e-05 0.00665372293837677 1.94492625107119e-05 0.00241322344289187
upstream 70 6.53494177003105e-05 0.00511031686599179 2.0209158074398e-05 0.00161476292258592
upstream 71 6.46281640197977e-05 0.0056740427406659 2.12105758018471e-05 0.0019047804691041
upstream 72 6.58631859349147e-05 0.007793624218654 2.18469985528146e-05 0.00266084684656049
upstream 73 9.15136005351666e-05 0.0106417427306837 2.73795684798814e-05 0.00331858877317171
upstream 74 4.55709197819506e-05 0.00488830642176154 1.18055661662115e-05 0.00129126884751336
upstream 75 1.60631086905013e-05 0.00245985823503087 8.94687161474575e-06 0.00138456951871763
upstream 76 1.63388822435843e-05 0.0014930575623099 8.65272703987768e-06 0.000795801848952049
upstream 77 1.76430855691735e-05 0.00111606690406955 9.65322469302401e-06 0.00061336169172283
upstream 78 2.2805693446151e-05 0.00121809607409167 1.26219144783358e-05 0.000677522459027185
upstream 79 2.21009330441308e-05 0.00088704538956667 1.23346003465208e-05 0.000496946942904443
upstream 80 2.20259941186523e-05 0.000843598666348348 1.14834483371434e-05 0.000441453529560812
upstream 81 2.37495363113917e-05 0.00107319048133865 1.21460118707844e-05 0.000551447338590031
upstream 82 2.29435911564069e-05 0.00136770374094341 1.06351755187399e-05 0.000637496472494941
upstream 83 7.84401555534207e-06 0.000447002639596011 1.2541243854654e-05 0.000716572077870062
upstream 84 8.65689450782457e-06 0.000725182100634317 1.3643275186994e-05 0.00114710002649799
upstream 85 8.62017121286918e-06 0.00228496790988366 1.53666073728501e-05 0.00414419397917758
upstream 86 3.25459708371428e-05 0.00574400305664671 1.82065801323468e-05 0.00329121528323545
upstream 87 3.42602817692047e-05 0.00596283103071484 1.85941850225311e-05 0.00331571346712216
upstream 88 1.75532968388685e-05 0.00871026942054914 8.07803722869e-06 0.00418502701937366
upstream 89 4.0089786069693e-05 0.00548052441468789 1.38107697447195e-05 0.00192967174608277
upstream 90 4.46172308867364e-05 0.00547396581102372 1.54241476112121e-05 0.00193517993382846
upstream 91 2.12292946722208e-05 0.00339146898943927 1.20709187690147e-05 0.00195598618618956
upstream 92 2.33803164149504e-05 0.00330823049768343 1.35371302382534e-05 0.00194388653549905
upstream 93 2.45201768653233e-05 0.00321125217883421 1.45532832992389e-05 0.0019315167365119
upstream 94 4.8710660332497e-13 0.00645479806112942 0 0
upstream 95 3.73712569687121e-12 0.010852934394101 0 0
upstream 96 1.6596630751415e-13 0.00063969911297979 0 0
upstream 97 9.72381074395882e-13 0.00344231294858559 0 0
upstream 98 5.91229277830921e-12 0.0158723754578975 0 0
upstream 99 4.92890229429829e-13 0.00561698389496295 0 0
gene 0 7.75501785483962e-05 0.0029160356397041 3.95214902336698e-06 0.000150362206581922
gene 1 0.000103571198195531 0.00300621874792662 4.86657079880294e-06 0.000142985634937148
gene 2 0.000123764163770435 0.00270150743654141 6.10345970886658e-06 0.00013470364585393
gene 3 0.00016854041855484 0.00279950760219105 9.50588757726267e-06 0.000159729404912136
gene 4 0.000209345918388735 0.00275401248060434 1.25385182337455e-05 0.000166884867016372
gene 5 0.000255073062184612 0.00272227651198168 1.62242088942991e-05 0.000175198512226182
gene 6 0.000295537018855202 0.00253704326655432 1.90170704726392e-05 0.000165072812971159
gene 7 0.000367851822954041 0.00253838368380881 2.13159972644247e-05 0.000148772645636749
gene 8 0.000439928904555506 0.00257500851416013 2.24137734075305e-05 0.000132771814600636
gene 9 0.000486621809647053 0.00239819889550758 2.50560210921737e-05 0.000124887945879245
gene 10 0.000544742541562891 0.0023015328938512 2.69898303465704e-05 0.000115307375229534
gene 11 0.00063183206429281 0.00230737681499324 2.97039880308429e-05 0.000109726949948661
gene 12 0.000675505020630569 0.00221667627500007 3.42214328045229e-05 0.000113575016605419
gene 13 0.000766790632110114 0.00216575954506655 3.67524928360482e-05 0.000105009634236172
gene 14 0.00083871706845262 0.00214304617277601 3.82337305698064e-05 9.88496327032789e-05
gene 15 0.000914427242753091 0.00212140006668069 3.81426141920671e-05 8.95477026360361e-05
gene 16 0.000939113494442894 0.00197724963586882 3.91871740550996e-05 8.34542964734037e-05
gene 17 0.00101470767600523 0.00196224740533071 4.34874894689611e-05 8.50896924606471e-05
gene 18 0.00102709410865238 0.00186257427255476 4.08555165715679e-05 7.49423509010388e-05
gene 19 0.0010455363443552 0.00177081611068986 4.64507322368307e-05 7.95548273691747e-05
gene 20 0.00107649147376093 0.00169838939376255 5.11115468634541e-05 8.15202942850265e-05
gene 21 0.00107015184750772 0.00160644761314641 5.37099946939587e-05 8.14858147513833e-05
gene 22 0.00106623667159915 0.00150872016867812 5.16954633114872e-05 7.38905897390623e-05
gene 23 0.00106921328368851 0.00144542085241052 5.14035123981328e-05 7.01812694237761e-05
gene 24 0.00112236753363861 0.00145429412415064 5.04419414602196e-05 6.60234917319443e-05
gene 25 0.00119476793420944 0.00148572268413606 5.67773660818558e-05 7.13547957151697e-05
gene 26 0.00126147899363291 0.00150656666767762 5.64655046080028e-05 6.81778598658965e-05
gene 27 0.00130431476738571 0.00151179400093187 5.99628334681974e-05 7.02730987734794e-05
gene 28 0.00131068304533921 0.0014634258692445 5.64340581029128e-05 6.37049011287213e-05
gene 29 0.00136763919165168 0.00149138738341831 5.62965093266088e-05 6.20858383257944e-05
gene 30 0.00136722709944442 0.00146079138568925 5.62518818767745e-05 6.07742398951469e-05
gene 31 0.00139950546920081 0.00148361676539123 5.19677402798971e-05 5.57222723190151e-05
gene 32 0.00145023895243762 0.00149874374386625 4.78939737592541e-05 5.00709501561226e-05
gene 33 0.00141424101595622 0.00141926931636592 5.18887527068965e-05 5.26622279185144e-05
gene 34 0.00141254136704551 0.00138149672147178 5.28309769117818e-05 5.22401590223846e-05
gene 35 0.00137124554698181 0.00130374126628622 5.33512617833087e-05 5.1265744585682e-05
gene 36 0.00133230747563812 0.00124387356339022 5.45063617168744e-05 5.14093554431665e-05
gene 37 0.00128737452522685 0.00117552468835623 5.77020399021103e-05 5.32055136641779e-05
gene 38 0.00129713983422947 0.00116861144708654 5.34744094707401e-05 4.86446106728008e-05
gene 39 0.00131732448838769 0.00117280960713286 5.7926266952929e-05 5.20830036496961e-05
gene 40 0.00143887712779598 0.00125693272014674 6.12737740062595e-05 5.40979172593153e-05
gene 41 0.00145040183074508 0.00125141781325507 6.0615694548941e-05 5.28613442119627e-05
gene 42 0.00151001423706516 0.00129475586440825 6.05026818088236e-05 5.24543655614656e-05
gene 43 0.00155552118700428 0.00134984996551782 6.07550561480052e-05 5.33291162055222e-05
gene 44 0.00149404891273112 0.00128681969621618 6.06273344991615e-05 5.27953844442364e-05
gene 45 0.00143376493137494 0.00122746429424082 5.76501229459085e-05 4.98743559425545e-05
gene 46 0.00148270334250942 0.00124495983248724 6.19961325884428e-05 5.2615737865047e-05
gene 47 0.00147543179338043 0.00124610659498257 6.65652489985677e-05 5.6824666920843e-05
gene 48 0.00152080094100736 0.00128103940468144 7.02112779628631e-05 5.979848376281e-05
gene 49 0.00160905336090692 0.00134834473515919 6.93734354219734e-05 5.88176310370505e-05
gene 50 0.00164250656444912 0.00140918608473283 6.5241596397463e-05 5.66491492110935e-05
gene 51 0.00162438118322692 0.00140537827776584 7.0976706830133e-05 6.21487848570893e-05
gene 52 0.00166462996605959 0.0014336992469362 6.50733143815011e-05 5.67347158644097e-05
gene 53 0.00163948172760641 0.0013996522458621 6.33867420076867e-05 5.47657202791085e-05
gene 54 0.00159713872399023 0.00138546031898125 6.49103107011355e-05 5.69695003295476e-05
gene 55 0.00153895062733437 0.00134046852423227 7.14493134955987e-05 6.29482475688063e-05
gene 56 0.001531440652839 0.00136417432346365 7.48817522449899e-05 6.74660184035787e-05
gene 57 0.00148468073573223 0.00135052717504874 7.53562464004937e-05 6.93187573447132e-05
gene 58 0.00144659175092777 0.00134980148840089 7.25327174218395e-05 6.8434541469583e-05
gene 59 0.00142302172719057 0.00134361480440042 7.62609327109049e-05 7.27988703367903e-05
gene 60 0.00138910771129051 0.00134140133385683 8.40433822227879e-05 8.20258958425074e-05
gene 61 0.00135306487978504 0.00134470296258517 7.3507895788557e-05 7.38357999199975e-05
gene 62 0.00134886376462795 0.00140199510296747 6.35321476342323e-05 6.67562104805472e-05
gene 63 0.00133656583797805 0.00140914569281319 5.75035350482428e-05 6.12898486960482e-05
gene 64 0.00133738806687465 0.00145961486710465 5.26060061924916e-05 5.80531872513564e-05
gene 65 0.00137659864685232 0.0015204171695714 5.13281736440416e-05 5.7341877986866e-05
gene 66 0.00134856250211358 0.0015254975818547 5.70826244599452e-05 6.53107014816419e-05
gene 67 0.00129078300232661 0.00146070053816999 6.55156340110695e-05 7.49463369328239e-05
gene 68 0.00124710049310772 0.00147770584347406 6.40437883665973e-05 7.67099964756481e-05
gene 69 0.00127044634189976 0.00154212035149537 6.02978537612158e-05 7.40083389184084e-05
gene 70 0.0012216189377164 0.00155893101981355 5.76061980986927e-05 7.43262973362416e-05
gene 71 0.00116548554526706 0.00154358966097294 5.39160356372324e-05 7.2173541165573e-05
gene 72 0.00112706966858001 0.00158007236156199 5.07682994170079e-05 7.19453348372844e-05
gene 73 0.00110700912197783 0.00163613485106074 5.33959466555227e-05 7.97801181624794e-05
gene 74 0.001027483456095 0.00161049258478547 4.80245645226034e-05 7.60624886253744e-05
gene 75 0.000939532420473658 0.00153785756663783 4.8335478402291e-05 7.98925137804397e-05
gene 76 0.000920311841200173 0.00161199908041865 4.95335220527142e-05 8.7633671648102e-05
gene 77 0.000892570126529081 0.00167003451136767 4.35760424602995e-05 8.23593382093655e-05
gene 78 0.000816598748522392 0.00165252191088521 3.70952273797471e-05 7.58061133764045e-05
gene 79 0.000793339832507363 0.00170919548038041 3.43909404133956e-05 7.48279634731768e-05
gene 80 0.000800409820668078 0.00189367412144574 3.02913175181389e-05 7.24309069364501e-05
gene 81 0.000789330859059307 0.00206139275733067 3.04703405301297e-05 8.04713916418303e-05
gene 82 0.000701416101403033 0.00203492435270469 2.91738760522603e-05 8.55564043129037e-05
gene 83 0.000649426797534867 0.00211265822766705 2.64139933844483e-05 8.68620623006323e-05
gene 84 0.000600198148647835 0.00225161427546883 2.67943391654582e-05 0.000101659876720101
gene 85 0.000520975806169178 0.00228069943083779 2.34655162925467e-05 0.000103860509920045
gene 86 0.000440094790465032 0.00226537492215344 1.96530051939292e-05 0.000102240675008824
gene 87 0.000411995270770756 0.00252733262817051 1.80438384962669e-05 0.000111978043229182
gene 88 0.00037973967971493 0.00286914652168285 1.62199058367451e-05 0.000124117553933972
gene 89 0.000326178493333757 0.00297676364616358 1.58247366776772e-05 0.000146291304523322
gene 90 0.000275828064112758 0.00309992456197794 1.25090391365675e-05 0.000142460044559411
gene 91 0.000222082591748074 0.00313944684865594 9.43516635902266e-06 0.000135146584899729
gene 92 0.000174370317377529 0.00331447214788018 7.22214671135927e-06 0.00013916404552987
gene 93 0.000129173272270094 0.00332431313142329 6.36392348765418e-06 0.000165992772909536
gene 94 8.49951019729442e-05 0.00317339499823413 5.43886415843766e-06 0.000205674969030342
gene 95 6.17560716838467e-05 0.00321262534969992 4.91780517106415e-06 0.000259095468311563
gene 96 3.86427432072976e-05 0.00260352186506627 4.42939592113587e-06 0.000301531946411989
gene 97 2.79615480501287e-05 0.0021883185488053 4.02540332847185e-06 0.000317862542830562
gene 98 1.50827299791526e-05 0.00124205654318602 5.27571065052576e-06 0.000436616399800216
gene 99 2.32246916382424e-05 0.00188046059200899 5.41193096718319e-06 0.000441379241495706
downstream 0 0.000280422783066978 0.00214604025743581 8.44883478781258e-05 0.000652861112131405
downstream 1 0.000239649645475566 0.00190115809174166 6.49671544037212e-05 0.000519809021911957
downstream 2 0.000261133889696503 0.00208905872306254 6.11471903223059e-05 0.000493807347523532
downstream 3 0.000259184266011189 0.00202774375627121 4.56913417702347e-05 0.000360790412930797
downstream 4 0.000323162289984085 0.00261489602430947 4.72671200633479e-05 0.00038691788870295
downstream 5 0.000375475684343206 0.00289549925014607 3.35844218143964e-05 0.000262335500186432
downstream 6 0.000381459682194427 0.00276387568023534 3.24045361470963e-05 0.000237713820045648
downstream 7 0.000500743227179469 0.00324456696583714 4.37284449868734e-05 0.000287517747105416
downstream 8 0.00044444009916759 0.00264730053947518 4.49611549616747e-05 0.000271104009142514
downstream 9 0.000445526740624074 0.00236732813614684 3.73980467206947e-05 0.000200913018876445
downstream 10 0.000541235638214742 0.00270987134433994 4.20015702592584e-05 0.00021297395827002
downstream 11 0.000521253627448037 0.00244951533090722 5.1570442094453e-05 0.000245179179052926
downstream 12 0.000480346656038809 0.00220464880469186 4.74297144789826e-05 0.000220023063445956
downstream 13 0.000550606289050984 0.00252050696071898 4.39348451088078e-05 0.000203575613449245
downstream 14 0.000552351394215061 0.00238907308323423 4.63050484443898e-05 0.000202621894523254
downstream 15 0.000387881053953311 0.00164501632092163 3.89011322681619e-05 0.000166315349264418
downstream 16 0.0003912192493936 0.0016619034215792 4.14450465229769e-05 0.000177502602982848
downstream 17 0.000462048580507015 0.00180066373638925 4.04949661342225e-05 0.000159263979061056
downstream 18 0.000498648352219381 0.00185734677647198 4.3358907252052e-05 0.000162986680673815
downstream 19 0.000672158654503557 0.00236728087434312 4.66752206670143e-05 0.000166380113571862
downstream 20 0.000707206219141692 0.00231689789884275 4.63836483251291e-05 0.000153790760646793
downstream 21 0.000747193465927813 0.0022403377223491 4.67095130114249e-05 0.000141728453113983
downstream 22 0.000898283459729911 0.00258292072867351 4.82019332029915e-05 0.000140507605830235
downstream 23 0.000863587519629136 0.00245408884595404 6.49816806860142e-05 0.000187086847985098
downstream 24 0.000727252862036722 0.00208164917138503 5.86684118189144e-05 0.000169775112283692
downstream 25 0.000745408398585308 0.00206219126051466 6.02655361430825e-05 0.000168601944359341
downstream 26 0.000708987449850927 0.00197874540371592 5.07463902296951e-05 0.000143135141011921
downstream 27 0.000708007564747584 0.00207456864779287 4.76637574386104e-05 0.000141208539372515
downstream 28 0.000642724576852577 0.00182573287663478 4.22730217165988e-05 0.000121253920725448
downstream 29 0.000631270729366717 0.00174340891966191 5.09311938511522e-05 0.000142002719328543
downstream 30 0.000768498321702747 0.00215420832208013 5.02886508890655e-05 0.000142598927116377
downstream 31 0.000785772803562695 0.00211663861817445 5.32701892883728e-05 0.00014514719055076
downstream 32 0.000738708777040745 0.00190211761667508 4.86772183663218e-05 0.000126651703133015
downstream 33 0.000790778797204027 0.00202233550197054 4.93154159925447e-05 0.000127524402954612
downstream 34 0.000828496179552046 0.00211883567129345 4.01063576200011e-05 0.000103768030898928
downstream 35 0.000736154569458762 0.00185849407713764 5.64131690504174e-05 0.000143896585856169
downstream 36 0.000863184046444036 0.00213356059187524 5.88059689020288e-05 0.000147080458202673
downstream 37 0.000861782382327414 0.00210406194992785 6.27891096015329e-05 0.000155108500436668
downstream 38 0.000931479981262516 0.00217156034393009 8.11365511692279e-05 0.000191480188359442
downstream 39 0.000905512620848478 0.00210791075721022 6.87472436027202e-05 0.000161949075494611
downstream 40 0.000695853179575533 0.00158122773936682 6.36633287728009e-05 0.000145960368353289
downstream 41 0.000614141399932375 0.0014232804935639 6.06666321864388e-05 0.000141729455699871
downstream 42 0.000566145841604002 0.00130753553108625 6.6366955918818e-05 0.000154420156806777
downstream 43 0.000500601046446979 0.00115998132311157 5.52457220445981e-05 0.000128853721342162
downstream 44 0.000763997587771831 0.00175257897321584 5.96368047169706e-05 0.00013815549052087
downstream 45 0.00085933868818078 0.0019237283275316 4.92967384156019e-05 0.000111576585452072
downstream 46 0.000871385527637155 0.00190226325630262 4.88003379796117e-05 0.000107696002758771
downstream 47 0.00105586577639826 0.00231437381074194 5.66150116138634e-05 0.000125759246973585
downstream 48 0.0012449231256435 0.00269482942709331 6.80978318226197e-05 0.00014969860349969
downstream 49 0.00118068959254616 0.0026172053242386 8.45735803815054e-05 0.000190263194675333
downstream 50 0.00116918516986933 0.00260936697595175 0.000102622642005845 0.00023243512931683
downstream 51 0.00115770550790593 0.00260447155948351 9.81504415783677e-05 0.000224107930459703
downstream 52 0.00129559256261434 0.00270274000246137 9.11889290840689e-05 0.000193199466329781
downstream 53 0.00109064737540621 0.00224518319763478 7.58898946313164e-05 0.00015828015903071
downstream 54 0.000767203383745841 0.00155440505881205 6.24899344172951e-05 0.000127773949263955
downstream 55 0.000723301010849375 0.00144203272375228 6.4493959343999e-05 0.000129677311366114
downstream 56 0.000695712855470009 0.00137078826778173 5.66301707404973e-05 0.000112492208877195
downstream 57 0.000695042746477498 0.00145853176604145 5.83600998137131e-05 0.000123511594589058
downstream 58 0.000656673719349235 0.00143801220275297 5.67841212801523e-05 0.000125391796647028
downstream 59 0.000842864594815628 0.00181179104465264 5.92392670251261e-05 0.000128672990401463
downstream 60 0.00101821414954127 0.00203111279009934 7.2376520301971e-05 0.000146113668005804
downstream 61 0.00116110535053231 0.00215671810715051 9.51943686524146e-05 0.000179174816803215
downstream 62 0.00106030269328822 0.00186195635976611 9.06357723697663e-05 0.000161008715753496
downstream 63 0.000991876055962911 0.00168544577169182 8.61582143736833e-05 0.00014794245972766
downstream 64 0.00084229664472488 0.00137663061429681 8.61584208206874e-05 0.000142059960271443
downstream 65 0.000592223323839249 0.00104652583787988 7.11595855138725e-05 0.000126569998283515
downstream 66 0.000555820587748498 0.0010486212433357 5.43699201491957e-05 0.000103232275952911
downstream 67 0.000549746182842881 0.00109102793756115 6.41179381060795e-05 0.000128080404231751
downstream 68 0.000628514154993846 0.00125808779380745 5.61584473162302e-05 0.000113261099999788
downstream 69 0.000773053369523741 0.00155818631024837 6.75174253136778e-05 0.000137345668935126
downstream 70 0.000943377047995662 0.00183846906193812 6.59295139844079e-05 0.000129900390496205
downstream 71 0.000943241672530306 0.00170721719141108 7.38511128953654e-05 0.0001350583511886
downstream 72 0.00102870680548652 0.00182339005335169 8.8387271387097e-05 0.000158451021060201
downstream 73 0.00099693534483041 0.00173241042896854 9.64126834700796e-05 0.000169339510639442
downstream 74 0.00096806083427838 0.00168416264003132 8.87739464776539e-05 0.000156033191686495
downstream 75 0.0010319363479453 0.0018833451896152 8.8792090091303e-05 0.00016390269504519
downstream 76 0.00105490287537829 0.00206319870888637 8.98718624545169e-05 0.0001779431748451
downstream 77 0.00111253069984253 0.00209896621298381 7.64346508806288e-05 0.000145999027601303
downstream 78 0.0012142454411304 0.00225528645810857 8.42749454544876e-05 0.000158697892548978
downstream 79 0.00129516908394765 0.00248757294706206 8.03728365912505e-05 0.000156684493888489
downstream 80 0.0012556000425636 0.00244106081937954 6.66658722147298e-05 0.000131498696778066
downstream 81 0.00135719248599573 0.00274397625297919 5.96717093018006e-05 0.000122569261228665
downstream 82 0.00118223416227463 0.00248459914238017 5.77402650822269e-05 0.000123118391943142
downstream 83 0.000835068833993239 0.00190117812988635 5.23483683528548e-05 0.000120461993732024
downstream 84 0.000845760231237556 0.0018499152568664 6.00092365420902e-05 0.00013264797387716
downstream 85 0.000971624693996322 0.00200649032465247 7.99043598548991e-05 0.000166962579634611
downstream 86 0.000815535367241026 0.00160080382721199 7.98815485121017e-05 0.00015830651398445
downstream 87 0.000851185319909827 0.00167032038073733 9.54301007564154e-05 0.000189126644956049
downstream 88 0.0010783974702223 0.00201716349962527 9.53200119537785e-05 0.000180478183992973
downstream 89 0.00107673921884311 0.00206939205387884 8.07131747939177e-05 0.000157031242214231
downstream 90 0.000874402465441274 0.00178483538871577 5.80876554649411e-05 0.000119817472405762
downstream 91 0.00101258680003222 0.00220133640163776 6.39551047945719e-05 0.000140791908673469
downstream 92 0.000867929990307514 0.00193293612341973 5.13012882541416e-05 0.000115525393665708
downstream 93 0.000766070638362215 0.00181553733595536 4.89042735755331e-05 0.000117100219670422
downstream 94 0.000621831721378898 0.00153863384956236 4.34069936982785e-05 0.0001083332200928
downstream 95 0.000591259479039973 0.00149019637094146 4.03064246228107e-05 0.000102421142334654
downstream 96 0.00043656180545729 0.00108556831579114 4.84974573532343e-05 0.000121321109803277
downstream 97 0.000537703330493816 0.00133418370601497 4.89139931127963e-05 0.000122248275745992
downstream 98 0.000417951078360482 0.00104532896368554 4.9864219300881e-05 0.000125435473072563
downstream 99 0.000487485027141079 0.0012231918802647 7.6245535003174e-05 0.000192569320877476
